%  Base de Datos
%
%  Numero de Casos: 488
%
%  Numero de Variables: 26
%
%  Informacion sobre las variables:
%
%      1: Hombre
%      2: Mujer
%      3: Edad
%      4: ASA
%      5: Hipertension
%      6: Vascularizacion Arterial Periferica
%      7: Insuficiencia Renal
%      8: Cardiopatia Isquemica
%      9: Insuficiencia Cardiaca
%     10: Arritmia
%     11: Ictus
%     12: Cirugia Previa
%     13: Tabaco
%     14: SRS
%     15: Estancia Prolongada
%     16: Reingreso UCI/REA
%     17: IOT Prolongada
%     18: REIOT mismo ingreso
%     19: Numero de Comorbilidades
%     20: Numero de Complicaciones
%     21: Comorbilidades
%     22: Complicaciones
%     23: VATS
%     24: Toracotomia
%     25: EPOC
%     26: DINDO
%     
%  Clases:
%       
%       Codigo Clase:   Clase:                  Numero de casos:
%       1             No reingresa			        439
%       2             Si Reingresa                   49
%

% Ordenados por indice de clase y con las filas de la matriz
% correspondientes a cada variable. 
datos = [
1	0	70	2	0	0	0	1	0	0	0	0	1	6	0	0	0	0	1	0	1	0	1	0	0	0	1
0	1	81	1	0	0	0	0	0	0	0	0	0	6	0	0	0	0	0	0	0	0	1	0	0	0	1
1	0	72	4	1	1	1	1	0	0	0	0	1	9	0	0	0	0	5	0	1	0	0	1	0	0	1
1	0	79	2	1	0	0	0	0	0	0	0	1	6	0	0	0	0	1	0	1	0	1	0	0	0	1
0	1	80	1	0	0	0	0	0	0	0	1	1	5	0	0	0	0	0	0	0	0	0	1	0	0	1
1	0	51	1	0	0	0	0	0	0	0	0	0	6	0	0	0	0	0	0	0	0	1	0	0	0	1
1	0	75	1	0	0	0	0	0	0	0	0	1	6	0	0	0	0	0	0	0	0	1	0	0	0	1
1	0	70	1	0	0	0	0	0	0	0	0	1	5	0	0	0	0	0	0	0	0	1	0	0	0	1
1	0	50	2	1	0	0	0	0	0	0	0	1	7	0	0	0	0	1	0	1	0	1	0	0	0	1
1	0	55	2	1	0	0	0	0	0	0	0	1	7	1	0	0	0	2	0	1	0	0	1	0	0	1
0	1	48	1	0	0	0	0	0	0	0	0	1	6	1	0	0	0	0	0	0	0	0	1	0	0	1
0	1	71	1	0	0	0	0	0	0	0	0	0	6	0	0	0	0	0	0	0	0	1	0	0	0	1
1	0	48	2	1	0	0	0	0	0	0	0	1	7	1	0	0	0	2	0	1	0	0	1	0	0	1
1	0	64	1	0	0	0	0	0	0	0	0	1	7	0	0	0	0	0	0	0	0	0	1	0	0	1
1	0	57	1	0	0	0	0	0	0	0	0	1	7	0	0	0	0	0	0	0	0	0	1	0	0	1
0	1	55	1	0	0	0	0	0	0	0	0	1	6	0	0	0	0	0	0	0	0	1	0	0	0	1
0	1	60	1	0	0	0	0	0	0	0	0	0	6	1	0	0	0	0	0	0	0	0	1	0	0	1
1	0	54	1	0	0	0	0	0	0	0	0	1	6	0	0	0	0	0	0	0	0	1	0	0	0	1
1	0	79	1	0	0	0	0	0	0	0	0	0	5	0	0	0	0	0	0	0	0	1	0	0	0	1
1	0	54	3	1	1	0	1	0	0	0	0	1	8	0	0	0	0	3	0	1	0	0	1	0	0	1
1	0	58	1	0	0	0	0	0	0	0	0	1	6	0	0	0	0	0	0	0	0	1	0	0	0	1
1	0	74	2	0	0	0	0	0	1	0	0	1	7	1	0	0	0	1	0	1	0	1	0	0	0	1
1	0	65	1	0	0	0	0	0	0	0	0	1	7	0	0	0	0	0	0	0	0	0	1	0	0	1
1	0	47	1	0	0	0	0	0	0	0	0	1	6	0	0	0	0	0	0	0	0	0	1	0	0	1
1	0	74	1	0	0	0	0	0	0	0	1	1	6	1	0	0	0	0	0	0	0	1	0	0	0	1
1	0	74	1	0	0	0	0	0	0	0	0	0	6	1	0	0	0	0	0	0	0	1	0	0	0	1
1	0	55	1	0	0	0	0	0	0	0	0	1	6	1	0	0	0	0	0	0	0	0	1	0	0	1
1	0	84	3	1	1	0	0	0	1	0	0	1	7	0	0	0	0	4	0	1	0	1	0	0	0	1
1	0	59	2	1	0	0	1	0	0	0	0	1	8	0	0	0	0	2	0	1	0	1	0	0	0	1
1	0	57	2	1	0	0	0	0	0	0	0	1	7	0	0	0	0	1	0	1	0	0	1	0	0	1
1	0	60	1	0	0	0	0	0	0	0	0	0	7	0	0	0	0	0	0	0	0	0	1	0	0	1
1	0	66	1	0	0	0	0	0	0	0	0	0	5	0	0	0	0	0	0	0	0	1	0	0	0	1
1	0	52	2	0	1	0	0	0	0	0	0	1	7	0	0	0	0	1	0	1	0	0	1	0	0	1
1	0	61	1	0	0	0	0	0	0	0	1	0	5	0	0	0	0	0	0	0	0	1	0	0	0	1
1	0	62	1	0	0	0	0	0	0	0	0	1	6	1	0	0	0	0	0	0	0	1	0	0	0	1
1	0	69	3	1	1	1	0	0	0	0	0	1	8	1	0	0	0	4	0	1	0	0	1	0	0	1
1	0	81	2	1	0	0	1	0	0	0	0	1	6	0	0	0	0	2	0	1	0	1	0	0	0	1
1	0	69	3	1	0	0	0	0	1	0	0	1	8	0	0	0	0	3	0	1	0	0	1	0	0	1
1	0	58	2	1	0	0	0	0	0	0	0	1	7	1	0	0	0	1	0	1	0	1	0	0	0	1
1	0	78	2	1	0	0	0	0	0	0	1	0	6	1	0	0	0	1	0	1	0	0	1	0	0	1
1	0	62	1	0	0	0	0	0	0	0	0	1	5	0	0	0	0	0	0	0	0	1	0	0	0	1
1	0	53	1	0	0	0	0	0	0	0	1	0	6	1	0	0	0	0	0	0	0	0	1	0	0	1
0	1	68	2	1	0	0	0	0	1	0	0	0	7	0	0	0	0	2	0	1	0	1	0	0	0	1
1	0	70	2	1	0	0	0	0	0	0	0	1	7	0	0	0	0	1	0	1	0	1	0	0	0	1
1	0	70	3	1	1	0	1	0	0	0	0	1	8	1	0	0	0	3	0	1	0	0	1	0	0	1
0	1	74	1	0	0	0	0	0	0	0	0	0	6	1	0	0	0	0	0	0	0	0	1	0	0	1
1	0	73	3	1	0	1	0	0	1	0	0	1	8	1	0	0	0	4	0	1	0	0	1	0	0	1
1	0	49	2	0	0	0	0	0	0	1	0	1	7	1	0	0	0	2	0	1	0	1	0	0	0	1
1	0	63	2	1	0	0	0	0	0	0	0	1	7	0	0	0	0	2	0	1	0	1	0	0	0	1
1	0	65	1	0	0	0	0	0	0	0	0	1	6	0	0	0	0	0	0	0	0	0	1	0	0	1
1	0	59	2	1	0	0	0	0	0	0	1	1	7	0	0	0	0	1	0	1	0	1	0	0	0	1
1	0	81	2	1	0	0	0	0	0	1	0	0	7	1	0	0	0	2	0	1	0	1	0	0	0	1
1	0	62	2	1	0	0	1	0	0	0	0	1	7	0	0	0	0	2	0	1	0	1	0	0	0	1
1	0	56	1	0	0	0	0	0	0	0	0	0	5	1	0	0	0	0	0	0	0	0	1	0	0	1
1	0	68	3	1	1	0	0	0	0	0	0	1	8	1	0	0	0	3	0	1	0	0	1	0	0	1
1	0	71	2	0	0	0	0	0	0	1	0	1	7	0	0	0	0	1	0	1	0	1	0	0	0	1
0	1	75	3	1	0	0	1	0	0	0	0	0	7	1	0	0	0	3	0	1	0	1	0	0	0	1
1	0	77	1	0	0	0	0	0	0	0	0	0	5	0	0	0	0	0	0	0	0	1	0	0	0	1
1	0	58	2	1	0	0	0	0	0	0	0	1	7	1	0	0	0	1	0	1	0	0	1	0	0	1
1	0	61	1	0	0	0	0	0	0	0	0	1	6	0	0	0	0	0	0	0	0	1	0	0	0	1
1	0	64	1	0	0	0	0	0	0	0	0	1	7	0	0	0	0	0	0	0	0	0	1	0	0	1
1	0	68	3	1	0	0	0	0	1	0	0	1	8	0	0	0	0	3	0	1	0	1	0	0	0	1
1	0	64	2	0	0	0	0	0	1	0	1	1	8	1	0	0	0	2	0	1	0	0	1	0	0	1
1	0	69	3	1	0	0	0	0	0	1	0	1	8	0	0	0	0	3	0	1	0	1	0	0	0	1
1	0	75	1	0	0	0	0	0	0	0	0	1	6	1	0	0	0	0	0	0	0	0	1	0	0	1
1	0	79	2	1	0	0	0	0	1	0	0	1	7	0	0	0	0	2	0	1	0	1	0	0	0	1
1	0	67	2	1	0	1	0	0	0	0	0	1	7	1	0	0	0	2	0	1	0	1	0	0	0	1
1	0	75	3	1	1	0	0	0	0	1	0	1	7	0	0	0	0	3	0	1	0	1	0	0	0	1
0	1	57	1	0	0	0	0	0	0	0	0	1	6	0	0	0	0	0	0	0	0	1	0	0	0	1
0	1	73	2	1	0	0	0	0	0	0	0	0	7	0	0	0	0	1	0	1	0	1	0	0	0	1
1	0	59	1	0	0	0	0	0	0	0	0	0	6	1	0	0	0	0	0	0	0	0	1	0	0	1
1	0	75	2	1	0	0	0	0	0	0	0	1	7	1	0	0	0	1	0	1	0	0	1	0	0	1
1	0	78	2	0	0	0	0	0	0	0	0	0	7	1	0	0	0	1	0	1	0	0	1	0	0	1
1	0	78	2	1	0	0	0	0	0	0	0	1	6	1	0	0	0	1	0	1	0	1	0	0	0	1
0	1	70	2	1	0	0	0	0	0	0	0	0	7	1	0	0	0	1	0	1	0	1	0	0	0	1
0	1	62	1	0	0	0	0	0	0	0	0	0	6	0	0	0	0	0	0	0	0	0	1	0	0	1
1	0	61	2	0	0	0	1	0	0	0	0	1	7	0	0	0	0	2	0	1	0	1	0	0	0	1
0	1	74	2	1	0	0	0	0	0	0	0	0	7	1	0	0	0	1	0	1	0	0	1	0	0	1
1	0	55	1	0	0	0	0	0	0	0	0	1	6	1	0	0	0	0	0	0	0	0	1	0	0	1
0	1	56	2	1	0	0	0	0	0	0	0	1	7	1	0	0	0	1	0	1	0	1	0	0	0	1
1	0	57	2	1	0	0	0	0	0	0	0	1	7	1	0	0	0	1	0	1	0	0	1	0	0	1
1	0	75	3	0	0	0	1	0	1	0	0	1	8	1	0	0	0	3	0	1	0	0	1	0	0	1
1	0	72	1	0	0	0	0	0	0	0	0	1	5	0	0	0	0	0	0	0	0	0	1	0	0	1
1	0	54	2	1	0	0	0	0	0	0	0	1	6	0	0	0	0	1	0	1	0	1	0	0	0	1
0	1	64	1	0	0	0	0	0	0	0	0	0	6	0	0	0	0	0	0	0	0	0	1	0	0	1
1	0	48	2	1	0	0	0	0	0	0	0	1	7	0	0	0	0	2	0	1	0	0	1	0	0	1
1	0	69	1	0	0	0	0	0	0	0	0	0	6	1	0	0	0	0	0	0	0	0	1	0	0	1
0	1	63	2	1	1	0	0	0	0	0	0	1	7	0	0	0	0	2	0	1	0	1	0	0	0	1
1	0	62	1	0	0	0	0	0	0	0	0	1	6	0	0	0	0	0	0	0	0	0	1	0	0	1
1	0	67	2	1	0	1	0	0	0	0	0	1	6	0	0	0	0	2	0	1	0	1	0	0	0	1
1	0	62	1	0	0	0	0	0	0	0	0	1	6	0	0	0	0	0	0	0	0	0	1	0	0	1
1	0	74	2	1	1	0	1	0	0	0	0	0	6	0	0	0	0	3	0	1	0	1	0	0	0	1
1	0	61	1	0	0	0	0	0	0	0	0	1	6	1	0	0	0	0	0	0	0	0	1	0	0	1
1	0	71	2	1	0	0	0	0	0	0	0	1	7	0	0	0	0	1	0	1	0	0	1	0	0	1
1	0	51	1	0	0	0	0	0	0	0	1	1	5	0	0	0	0	0	0	0	0	0	1	0	0	1
1	0	67	2	1	0	0	0	0	0	0	0	1	7	0	0	0	0	1	0	1	0	1	0	0	0	1
0	1	53	2	0	0	0	0	0	0	0	0	1	7	0	0	0	0	1	0	1	0	1	0	0	0	1
1	0	66	3	1	0	0	1	0	0	0	1	0	7	0	0	0	0	3	0	1	0	1	0	0	0	1
1	0	80	2	0	0	1	0	0	1	0	0	1	7	1	0	0	0	2	0	1	0	1	0	0	0	1
1	0	76	3	1	0	0	0	1	1	0	0	1	7	0	0	0	0	3	0	1	0	1	0	0	0	1
1	0	66	2	1	0	0	0	0	0	0	0	1	7	0	0	0	0	1	0	1	0	1	0	0	0	1
1	0	76	2	1	0	0	1	0	0	0	0	1	6	0	0	0	0	2	0	1	0	0	1	0	0	1
1	0	54	2	1	0	0	0	0	0	0	0	1	8	1	0	0	0	1	0	1	0	0	1	0	0	1
1	0	44	1	0	0	0	0	0	0	0	0	1	6	1	0	0	0	0	0	0	0	1	0	0	0	1
1	0	74	2	1	0	0	0	0	0	0	0	0	7	1	0	0	0	2	0	1	0	0	1	0	0	1
0	1	62	2	1	0	0	0	0	0	0	0	1	7	0	0	0	0	1	0	1	0	1	0	0	0	1
1	0	69	2	0	1	0	0	0	0	0	1	1	7	0	0	0	0	2	0	1	0	0	1	0	0	1
1	0	69	2	0	1	0	0	0	0	0	1	1	7	0	0	0	0	2	0	1	0	0	1	0	0	1
1	0	69	1	0	0	0	0	0	0	0	0	1	6	1	0	0	0	0	0	0	0	0	1	0	0	1
1	0	71	2	1	0	0	0	0	0	0	0	1	6	0	0	0	0	1	0	1	0	1	0	0	0	1
1	0	58	1	0	0	0	0	0	0	0	0	0	6	1	0	0	0	0	0	0	0	0	1	0	0	1
1	0	57	2	0	0	0	1	0	0	0	0	1	7	0	0	0	0	1	0	1	0	1	0	0	0	1
1	0	53	2	1	0	0	0	0	0	0	0	0	6	0	0	0	0	1	0	1	0	1	0	0	0	1
1	0	63	3	1	1	0	1	0	0	0	0	1	8	0	0	0	0	4	0	1	0	1	0	0	0	1
1	0	68	1	0	0	0	0	0	0	0	0	1	6	0	0	0	0	0	0	0	0	1	0	0	0	1
1	0	59	1	0	0	0	0	0	0	0	0	1	6	0	0	0	0	0	0	0	0	1	0	0	0	1
1	0	64	1	0	0	0	0	0	0	0	0	1	5	0	0	0	0	0	0	0	0	1	0	0	0	1
1	0	64	1	0	0	0	0	0	0	0	1	1	5	1	0	0	0	0	0	0	0	1	0	0	0	1
0	1	50	1	0	0	0	0	0	0	0	0	1	6	1	0	0	0	0	0	0	0	0	1	0	0	1
1	0	53	1	0	0	0	0	0	0	0	0	0	6	0	0	0	0	0	0	0	0	0	1	0	0	1
1	0	79	2	0	0	0	0	0	0	0	0	1	7	0	0	0	0	1	0	1	0	1	0	0	0	1
1	0	39	1	0	0	0	0	0	0	0	0	1	6	0	0	0	0	0	0	0	0	0	1	0	0	1
1	0	63	1	0	0	0	0	0	0	0	0	0	6	1	0	0	0	0	0	0	0	0	1	0	0	1
